172903
172915
172911
172916
172922
172920
172919
172924
172917
172918
172923
172921
172925
172934
172932
172930
172936
172926
172927
172939
172933
172938
172937
172935
172929
172931
172928
172942
172941
172940
172944
172943
172947
172945
172946
172949
172948
172950
172961
172959
172955
172963
172957
172952
172958
172954
172951
172956
172962
172960
172953
172964
172965
172966
172967
172968
172970
172971
172969
172974
172977
172976
172979
172978
172972
172975
172973
172980
172981
172982
172983
172985
172986
172984
172987
172991
172989
172990
172994
172988
172992
172993
172999
172997
173004
172996
173007
173001
172998
172995
173003
173011
173010
173009
173006
173002
173008
173000
173014
173023
173020
173013
173019
173005
173028
173016
173018
173026
173025
173031
173022
173017
173015
173030
173024
173012
173029
173027
173035
173046
173045
173032
173040
173039
173042
173033
173037
173038
173047
173044
173043
173034
173041
173036
173063
173050
173061
173057
173059
173048
173060
173051
173055
173049
173062
173052
173064
173054
173065
173058
173056
173053
173075
173071
173070
173066
173073
173072
173076
173067
173074
173077
173068
173069
173084
173082
173079
173083
173081
173078
173080
173086
173085
173088
173087
173099
173097
173094
173093
173100
173101
173091
173098
173102
173095
173090
173096
173092
173089
